First sample:
	  ;ACOX1; ANGPTL2; ATF4; ATG14; BHLHE40; BHLHE41; CCRN4L; CEBPA; CRY1; CRY2; CYP7A1; DBP; DEFB1; FGF21; GSK3B; MYOD1; NAMPT; NPAS2; NR0B2; PCK1; PER1; PPARGC1A; PTP4A1; RXRA; SERPINE1; TIMELESS; TIPIN; TOP1; USP2; 
ACOX1; 1; -0.0305289; -0.129162; 0.0187048; 0.0244801; -0.057632; 0.0294015; 0.0522082; 0.0417286; 0.0523207; 0.0635537; 0.0886843; -0.0934231; -0.00667971; 0.729876; 0.0700713; 0.977671; -0.0805942; -0.00241532; -0.0147824; -0.0664266; -0.079086; 0.0894248; 0.626154; -0.0442473; 0.135735; 0.108001; 0.38298; 0.0958643; 
ANGPTL2; -0.0305289; 1; 0.250701; -0.0387687; -0.0889731; -0.0552261; 0.106035; -0.0100297; -0.0238318; 0.0203516; 0.107503; 0.0885297; -0.127167; 0.0114933; -0.0345508; 0.0992628; 0.00471917; 0.24586; 0.00532311; -0.0313835; 0.086041; -0.0725891; -0.0308328; -0.0744208; 0.235766; 0.0609426; 0.0579937; -0.0252383; 0.028594; 
ATF4; -0.129162; 0.250701; 1; 0.0592687; 0.164315; -0.0851119; -0.0455483; -0.0141094; 0.107191; -0.0975175; 0.184127; 0.309848; 0.0511097; 0.0923212; 0.0824382; 0.27727; -0.0767513; 0.392299; -0.0660862; -0.148284; 0.185304; 0.105307; -0.00952855; -0.0195516; 0.550228; 0.24237; 0.172882; -0.00164775; 0.0868843; 
ATG14; 0.0187048; -0.0387687; 0.0592687; 1; 0.499051; 0.508925; 0.0525362; 0.028608; 0.246183; 0.155762; 0.34606; 0.437591; -0.129781; 0.237177; 0.150983; 0.464295; -0.0202897; 0.0697343; 0.0659079; -0.0191332; 0.137812; 0.194551; 0.100215; 0.0900444; -0.0255526; 0.530235; 0.443202; 0.137707; 0.418884; 
BHLHE40; 0.0244801; -0.0889731; 0.164315; 0.499051; 1; 0.366077; -0.0445959; -0.0777675; 0.275793; 0.439833; 0.00652646; 0.157422; 0.11646; -0.0195631; 0.143472; 0.102477; 0.0220357; -0.0747617; -0.0860896; -0.113685; 0.378775; -0.107249; 0.33301; 0.0257032; -0.107955; 0.221416; 0.152505; 0.298359; 0.4403; 
BHLHE41; -0.057632; -0.0552261; -0.0851119; 0.508925; 0.366077; 1; -0.00133241; -0.109569; 0.663821; 0.404477; 0.0806077; 0.265134; -0.160131; -0.0111764; 0.0346021; 0.24003; -0.106785; -0.0252223; -0.081115; -0.136513; 0.23116; 0.326524; 0.301463; -0.0605807; -0.137257; 0.36826; 0.202225; 0.436336; 0.524604; 
CCRN4L; 0.0294015; 0.106035; -0.0455483; 0.0525362; -0.0445959; -0.00133241; 1; 0.116154; 0.0885789; 0.0465415; 0.572612; 0.499337; -0.0931096; 0.504062; -0.0587667; 0.49508; -0.0506329; 0.262912; 0.163466; 0.159013; 0.319405; 0.0481071; -0.0547545; 0.139347; -0.0148315; 0.416442; 0.481165; -0.211659; 0.188927; 
CEBPA; 0.0522082; -0.0100297; -0.0141094; 0.028608; -0.0777675; -0.109569; 0.116154; 1; -0.0121234; -0.0374594; 0.359951; 0.304995; -0.0103387; 0.682857; 0.221563; 0.279503; 0.0192501; 0.0604182; 0.975958; 0.89777; -0.0109673; -0.00685399; -0.0415827; 0.750108; -0.0476022; 0.305086; 0.352727; -0.150348; 0.116934; 
CRY1; 0.0417286; -0.0238318; 0.107191; 0.246183; 0.275793; 0.663821; 0.0885789; -0.0121234; 1; 0.42056; 0.307274; 0.435364; -0.0608599; 0.170653; 0.243643; 0.410153; 0.00389517; -0.030338; 0.0233264; -0.0749271; 0.291117; 0.239628; 0.33369; 0.0474158; -0.0542952; 0.508951; 0.420435; 0.434766; 0.517686; 
CRY2; 0.0523207; 0.0203516; -0.0975175; 0.155762; 0.439833; 0.404477; 0.0465415; -0.0374594; 0.42056; 1; 0.1707; 0.293461; -0.10836; 0.118558; 0.322596; 0.235448; -0.0590174; 0.0790938; -0.00770243; -0.0522517; 0.287671; -0.0449037; 0.746992; -0.051702; -0.0673674; 0.328621; 0.314844; 0.657392; 0.573668; 
CYP7A1; 0.0635537; 0.107503; 0.184127; 0.34606; 0.00652646; 0.0806077; 0.572612; 0.359951; 0.307274; 0.1707; 1; 0.909104; -0.209033; 0.788729; 0.253142; 0.87566; -0.0136485; 0.435258; 0.459213; 0.273298; 0.326717; 0.101979; 0.0978427; 0.323898; 0.274603; 0.880493; 0.933027; -0.00908265; 0.518526; 
DBP; 0.0886843; 0.0885297; 0.309848; 0.437591; 0.157422; 0.265134; 0.499337; 0.304995; 0.435364; 0.293461; 0.909104; 1; -0.260379; 0.779192; 0.341587; 0.962193; 0.0127611; 0.425587; 0.377015; 0.204848; 0.443905; 0.0943306; 0.228694; 0.353629; 0.210308; 0.941713; 0.916479; 0.185097; 0.677278; 
DEFB1; -0.0934231; -0.127167; 0.0511097; -0.129781; 0.11646; -0.160131; -0.0931096; -0.0103387; -0.0608599; -0.10836; -0.209033; -0.260379; 1; -0.114545; -0.228488; -0.25011; -0.0224139; -0.154839; 0.00647202; 0.201697; -0.219522; 0.468198; -0.0910804; -0.0485614; -0.0899869; -0.28101; -0.259725; -0.177745; -0.201403; 
FGF21; -0.00667971; 0.0114933; 0.0923212; 0.237177; -0.0195631; -0.0111764; 0.504062; 0.682857; 0.170653; 0.118558; 0.788729; 0.779192; -0.114545; 1; 0.160832; 0.778334; -0.0641826; 0.33643; 0.757514; 0.582012; 0.253521; 0.0767718; 0.0113391; 0.523453; 0.0581782; 0.695787; 0.743069; -0.108562; 0.371978; 
GSK3B; 0.729876; -0.0345508; 0.0824382; 0.150983; 0.143472; 0.0346021; -0.0587667; 0.221563; 0.243643; 0.322596; 0.253142; 0.341587; -0.228488; 0.160832; 1; 0.294954; 0.659053; 0.0310508; 0.181835; 0.0954656; 0.0681287; -0.163847; 0.300085; 0.598502; 0.0578043; 0.41775; 0.429513; 0.604598; 0.363062; 
MYOD1; 0.0700713; 0.0992628; 0.27727; 0.464295; 0.102477; 0.24003; 0.49508; 0.279503; 0.410153; 0.235448; 0.87566; 0.962193; -0.25011; 0.778334; 0.294954; 1; 0.00229458; 0.46685; 0.359243; 0.197235; 0.404527; 0.0813858; 0.150089; 0.322296; 0.238197; 0.922859; 0.879063; 0.177956; 0.593806; 
NAMPT; 0.977671; 0.00471917; -0.0767513; -0.0202897; 0.0220357; -0.106785; -0.0506329; 0.0192501; 0.00389517; -0.0590174; -0.0136485; 0.0127611; -0.0224139; -0.0641826; 0.659053; 0.00229458; 1; -0.0878416; -0.0376828; -0.0534316; -0.101122; -0.078395; -0.0294319; 0.606428; -0.0171455; 0.0535439; 0.0074253; 0.322804; 0.0027648; 
NPAS2; -0.0805942; 0.24586; 0.392299; 0.0697343; -0.0747617; -0.0252223; 0.262912; 0.0604182; -0.030338; 0.0790938; 0.435258; 0.425587; -0.154839; 0.33643; 0.0310508; 0.46685; -0.0878416; 1; 0.124995; 0.0209104; 0.0222553; -0.0421279; 0.0264793; -0.0360741; 0.807034; 0.411004; 0.369977; 0.0273915; 0.228039; 
NR0B2; -0.00241532; 0.00532311; -0.0660862; 0.0659079; -0.0860896; -0.081115; 0.163466; 0.975958; 0.0233264; -0.00770243; 0.459213; 0.377015; 0.00647202; 0.757514; 0.181835; 0.359243; -0.0376828; 0.124995; 1; 0.887225; -0.00727505; 0.0170571; -0.0310064; 0.691868; -0.0374006; 0.374072; 0.437113; -0.166722; 0.163626; 
PCK1; -0.0147824; -0.0313835; -0.148284; -0.0191332; -0.113685; -0.136513; 0.159013; 0.89777; -0.0749271; -0.0522517; 0.273298; 0.204848; 0.201697; 0.582012; 0.0954656; 0.197235; -0.0534316; 0.0209104; 0.887225; 1; -0.124592; -0.0235106; 0.0369353; 0.624332; -0.0665189; 0.180277; 0.255278; -0.219242; 0.0480112; 
PER1; -0.0664266; 0.086041; 0.185304; 0.137812; 0.378775; 0.23116; 0.319405; -0.0109673; 0.291117; 0.287671; 0.326717; 0.443905; -0.219522; 0.253521; 0.0681287; 0.404527; -0.101122; 0.0222553; -0.00727505; -0.124592; 1; 0.012971; 0.221725; 0.0806265; -0.0857783; 0.396598; 0.332074; 0.129839; 0.524297; 
PPARGC1A; -0.079086; -0.0725891; 0.105307; 0.194551; -0.107249; 0.326524; 0.0481071; -0.00685399; 0.239628; -0.0449037; 0.101979; 0.0943306; 0.468198; 0.0767718; -0.163847; 0.0813858; -0.078395; -0.0421279; 0.0170571; -0.0235106; 0.012971; 1; -0.0540942; -0.0248683; -0.0340858; 0.103865; 0.0434263; -0.0196243; 0.0207006; 
PTP4A1; 0.0894248; -0.0308328; -0.00952855; 0.100215; 0.33301; 0.301463; -0.0547545; -0.0415827; 0.33369; 0.746992; 0.0978427; 0.228694; -0.0910804; 0.0113391; 0.300085; 0.150089; -0.0294319; 0.0264793; -0.0310064; 0.0369353; 0.221725; -0.0540942; 1; -0.0659371; -0.00368519; 0.24734; 0.259954; 0.568851; 0.563485; 
RXRA; 0.626154; -0.0744208; -0.0195516; 0.0900444; 0.0257032; -0.0605807; 0.139347; 0.750108; 0.0474158; -0.051702; 0.323898; 0.353629; -0.0485614; 0.523453; 0.598502; 0.322296; 0.606428; -0.0360741; 0.691868; 0.624332; 0.0806265; -0.0248683; -0.0659371; 1; -0.13149; 0.36879; 0.33101; 0.0841256; 0.149861; 
SERPINE1; -0.0442473; 0.235766; 0.550228; -0.0255526; -0.107955; -0.137257; -0.0148315; -0.0476022; -0.0542952; -0.0673674; 0.274603; 0.210308; -0.0899869; 0.0581782; 0.0578043; 0.238197; -0.0171455; 0.807034; -0.0374006; -0.0665189; -0.0857783; -0.0340858; -0.00368519; -0.13149; 1; 0.209506; 0.21375; 0.084863; 0.0735675; 
TIMELESS; 0.135735; 0.0609426; 0.24237; 0.530235; 0.221416; 0.36826; 0.416442; 0.305086; 0.508951; 0.328621; 0.880493; 0.941713; -0.28101; 0.695787; 0.41775; 0.922859; 0.0535439; 0.411004; 0.374072; 0.180277; 0.396598; 0.103865; 0.24734; 0.36879; 0.209506; 1; 0.932702; 0.272858; 0.703339; 
TIPIN; 0.108001; 0.0579937; 0.172882; 0.443202; 0.152505; 0.202225; 0.481165; 0.352727; 0.420435; 0.314844; 0.933027; 0.916479; -0.259725; 0.743069; 0.429513; 0.879063; 0.0074253; 0.369977; 0.437113; 0.255278; 0.332074; 0.0434263; 0.259954; 0.33101; 0.21375; 0.932702; 1; 0.199272; 0.665277; 
TOP1; 0.38298; -0.0252383; -0.00164775; 0.137707; 0.298359; 0.436336; -0.211659; -0.150348; 0.434766; 0.657392; -0.00908265; 0.185097; -0.177745; -0.108562; 0.604598; 0.177956; 0.322804; 0.0273915; -0.166722; -0.219242; 0.129839; -0.0196243; 0.568851; 0.0841256; 0.084863; 0.272858; 0.199272; 1; 0.546876; 
USP2; 0.0958643; 0.028594; 0.0868843; 0.418884; 0.4403; 0.524604; 0.188927; 0.116934; 0.517686; 0.573668; 0.518526; 0.677278; -0.201403; 0.371978; 0.363062; 0.593806; 0.0027648; 0.228039; 0.163626; 0.0480112; 0.524297; 0.0207006; 0.563485; 0.149861; 0.0735675; 0.703339; 0.665277; 0.546876; 1; 

Second sample:
	  ;ATMIN; C17orf70; C6orf25; CAP2; CDK4; CLCA4; CTAG1A; CTSL2; CXCR2; EPYC; HBEGF; HDC; IBTK; JTB; KEL; LRCH3; MMP3; MRPS2; MYT1L; NDRG1; PNLIPRP2; RFC1; RNF141; RPA1; SRR; STS; TGDS; TM9SF2; ZNF592; 
ATMIN; 1; 0.106518; 0.558302; 0.367978; -0.158116; 0.0126191; 0.532218; -0.146995; 0.0895235; 0.0101697; 0.47928; 0.42706; 0.175175; 0.179557; 0.385189; 0.535183; -0.0297552; 0.0536585; 0.48224; 0.182333; -0.163402; 0.475843; 0.173287; 0.289409; 0.201014; -0.0435481; -0.0896255; 0.183065; 0.236027; 
C17orf70; 0.106518; 1; 0.613699; -0.0572212; 0.350886; -0.0217841; 0.545829; -0.0919266; 0.0155031; 0.116584; 0.450262; -0.000437113; 0.482746; 0.455224; 0.140171; 0.508475; 0.0324413; 0.350774; -0.0561878; -0.139705; -0.0827816; 0.210681; 0.0722465; -0.0700572; 0.189231; -0.0120902; -0.00267434; -0.0723236; 0.373283; 
C6orf25; 0.558302; 0.613699; 1; 0.0666272; 0.362696; 0.000934539; 0.977308; -0.219587; 0.0695168; 0.195509; 0.799116; 0.0815886; 0.738264; 0.471541; 0.416204; 0.949629; 0.162028; 0.410523; 0.0443402; 0.0340282; -0.181018; 0.685016; 0.190642; 0.282835; 0.407367; 0.0135011; -0.0345743; 0.099888; 0.670117; 
CAP2; 0.367978; -0.0572212; 0.0666272; 1; -0.218542; -0.0742533; 0.032472; -0.0743327; -0.0712093; -0.0213833; -0.0241946; 0.0349629; -0.0366725; -0.0111895; -0.0655071; -0.0173441; -0.0146851; 0.0193041; 0.900722; 0.0504071; -0.0947607; -0.0877835; -0.0660028; -0.182712; 0.101136; -0.00899117; -0.134136; -0.131843; -0.0741317; 
CDK4; -0.158116; 0.350886; 0.362696; -0.218542; 1; -0.0127797; 0.359538; 0.107124; -0.124469; 0.120663; 0.273884; -0.109073; 0.41952; 0.322218; -0.0467021; 0.342793; 0.279957; 0.62854; -0.263393; -0.206497; -0.0330108; 0.350774; -0.0974339; 0.0818641; -0.0519465; 0.0187794; 0.0627984; -0.0523968; 0.0282379; 
CLCA4; 0.0126191; -0.0217841; 0.000934539; -0.0742533; -0.0127797; 1; -0.0118152; -0.0419394; -0.0334602; -0.0526054; -0.0221919; -0.0211051; -0.0633661; 0.0821494; -0.0368382; 0.187609; -0.0313221; 0.000304292; -0.0693808; -0.099568; -0.0484457; -0.0552672; -0.0385543; 0.00641659; 0.0154139; -0.0349982; -0.0750236; 0.280218; -0.0754094; 
CTAG1A; 0.532218; 0.545829; 0.977308; 0.032472; 0.359538; -0.0118152; 1; -0.261212; 0.050826; 0.181254; 0.812041; 0.0298247; 0.816989; 0.36651; 0.422932; 0.958278; 0.152015; 0.41561; -0.00914673; 0.0550063; -0.194067; 0.70872; 0.170404; 0.257304; 0.510704; -0.0169015; -0.0148849; 0.0253539; 0.700887; 
CTSL2; -0.146995; -0.0919266; -0.219587; -0.0743327; 0.107124; -0.0419394; -0.261212; 1; -0.0332275; -0.0846626; -0.251908; -0.0382228; -0.219411; -0.0550944; -0.0884781; -0.213764; -0.0453544; -0.0672318; -0.0703991; -0.109136; -0.0414359; -0.104683; -0.0633185; 0.380104; -0.137877; -0.021309; -0.0880507; -0.104104; -0.231302; 
CXCR2; 0.0895235; 0.0155031; 0.0695168; -0.0712093; -0.124469; -0.0334602; 0.050826; -0.0332275; 1; -0.0300755; 0.00734221; -0.0290758; -0.0178564; 0.101164; -0.0280429; 0.0472833; -0.0263922; -0.0219932; -0.0667202; -0.0945592; -0.0409208; 0.011011; 0.984108; 0.438714; -0.0399125; -0.0268206; -0.0361306; 0.259306; 0.296118; 
EPYC; 0.0101697; 0.116584; 0.195509; -0.0213833; 0.120663; -0.0526054; 0.181254; -0.0846626; -0.0300755; 1; 0.159466; -0.0372371; 0.148002; 0.0567956; 0.0391508; 0.159503; -0.0106327; 0.0679484; -0.0994681; 0.0880769; -0.0890283; 0.0513469; -0.0298825; -0.0571192; 0.0372067; 0.970924; -0.0674657; 0.582843; 0.11698; 
HBEGF; 0.47928; 0.450262; 0.799116; -0.0241946; 0.273884; -0.0221919; 0.812041; -0.251908; 0.00734221; 0.159466; 1; 0.0784912; 0.67348; 0.36586; 0.468234; 0.783506; 0.157399; 0.313029; -0.0254945; 0.0873585; -0.150708; 0.593496; 0.100953; 0.215688; 0.416616; -0.00888255; -0.0497044; 0.0239457; 0.461359; 
HDC; 0.42706; -0.000437113; 0.0815886; 0.0349629; -0.109073; -0.0211051; 0.0298247; -0.0382228; -0.0290758; -0.0372371; 0.0784912; 1; -0.0388354; -0.0356824; -0.00615961; 0.0693734; -0.0220245; -0.0353681; 0.188815; 0.198691; -0.0455801; 0.269202; -0.00217615; -0.0131253; -0.0443289; -0.0284271; -0.0483509; -0.00522308; 0.0587872; 
IBTK; 0.175175; 0.482746; 0.738264; -0.0366725; 0.41952; -0.0633661; 0.816989; -0.219411; -0.0178564; 0.148002; 0.67348; -0.0388354; 1; 0.0390728; 0.215814; 0.764235; 0.0557644; 0.429393; -0.152876; -0.0672785; -0.150367; 0.661354; 0.0649934; 0.0541037; 0.617928; -0.0821105; 0.00670232; -0.225463; 0.660735; 
JTB; 0.179557; 0.455224; 0.471541; -0.0111895; 0.322218; 0.0821494; 0.36651; -0.0550944; 0.101164; 0.0567956; 0.36586; -0.0356824; 0.0390728; 1; 0.112998; 0.429968; 0.0108686; 0.287857; -0.0144126; 0.268142; -0.0555104; 0.126942; 0.127444; 0.0291432; -0.137642; 0.0267991; -0.0253488; 0.320624; 0.156362; 
KEL; 0.385189; 0.140171; 0.416204; -0.0655071; -0.0467021; -0.0368382; 0.422932; -0.0884781; -0.0280429; 0.0391508; 0.468234; -0.00615961; 0.215814; 0.112998; 1; 0.408537; 0.0235585; 0.0307657; -0.0715396; -0.0409506; -0.0889796; 0.311727; 0.0117414; 0.40081; 0.237706; -0.0226683; -0.0329537; 0.0518816; 0.152732; 
LRCH3; 0.535183; 0.508475; 0.949629; -0.0173441; 0.342793; 0.187609; 0.958278; -0.213764; 0.0472833; 0.159503; 0.783506; 0.0693734; 0.764235; 0.429968; 0.408537; 1; 0.108636; 0.384559; -0.0546877; 0.120732; -0.202866; 0.68414; 0.165386; 0.291735; 0.490373; -0.0294605; -0.0462699; 0.118511; 0.648973; 
MMP3; -0.0297552; 0.0324413; 0.162028; -0.0146851; 0.279957; -0.0313221; 0.152015; -0.0453544; -0.0263922; -0.0106327; 0.157399; -0.0220245; 0.0557644; 0.0108686; 0.0235585; 0.108636; 1; 0.0158486; -0.0637949; -0.0925568; -0.0506295; 0.233353; 0.0150536; 0.203747; 0.00275583; -0.0268318; -0.0376153; 0.0325761; -0.131031; 
MRPS2; 0.0536585; 0.350774; 0.410523; 0.0193041; 0.62854; 0.000304292; 0.41561; -0.0672318; -0.0219932; 0.0679484; 0.313029; -0.0353681; 0.429393; 0.287857; 0.0307657; 0.384559; 0.0158486; 1; -0.0260885; -0.147121; -0.0888335; 0.166682; 0.0190464; -0.16803; 0.0827116; -0.0335498; -0.0642506; -0.141494; 0.223638; 
MYT1L; 0.48224; -0.0561878; 0.0443402; 0.900722; -0.263393; -0.0693808; -0.00914673; -0.0703991; -0.0667202; -0.0994681; -0.0254945; 0.188815; -0.152876; -0.0144126; -0.0715396; -0.0546877; -0.0637949; -0.0260885; 1; 0.149118; -0.0890984; -0.0842756; -0.0614259; -0.210073; -0.0693818; -0.0641916; -0.130721; -0.154869; -0.0994691; 
NDRG1; 0.182333; -0.139705; 0.0340282; 0.0504071; -0.206497; -0.099568; 0.0550063; -0.109136; -0.0945592; 0.0880769; 0.0873585; 0.198691; -0.0672785; 0.268142; -0.0409506; 0.120732; -0.0925568; -0.147121; 0.149118; 1; 0.0277273; 0.00263094; -0.0879477; -0.233634; 0.0257818; 0.0945909; 0.087617; 0.144523; 0.0493229; 
PNLIPRP2; -0.163402; -0.0827816; -0.181018; -0.0947607; -0.0330108; -0.0484457; -0.194067; -0.0414359; -0.0409208; -0.0890283; -0.150708; -0.0455801; -0.150367; -0.0555104; -0.0889796; -0.202866; -0.0506295; -0.0888335; -0.0890984; 0.0277273; 1; -0.159549; -0.0639486; -0.0819168; -0.190697; -0.0442652; 0.917993; 0.278344; -0.157156; 
RFC1; 0.475843; 0.210681; 0.685016; -0.0877835; 0.350774; -0.0552672; 0.70872; -0.104683; 0.011011; 0.0513469; 0.593496; 0.269202; 0.661354; 0.126942; 0.311727; 0.68414; 0.233353; 0.166682; -0.0842756; 0.00263094; -0.159549; 1; 0.0991643; 0.427426; 0.343979; -0.0997348; 0.0177317; 0.0343635; 0.421; 
RNF141; 0.173287; 0.0722465; 0.190642; -0.0660028; -0.0974339; -0.0385543; 0.170404; -0.0633185; 0.984108; -0.0298825; 0.100953; -0.00217615; 0.0649934; 0.127444; 0.0117414; 0.165386; 0.0150536; 0.0190464; -0.0614259; -0.0879477; -0.0639486; 0.0991643; 1; 0.48887; 0.0149955; -0.046777; -0.0459731; 0.271998; 0.350022; 
RPA1; 0.289409; -0.0700572; 0.282835; -0.182712; 0.0818641; 0.00641659; 0.257304; 0.380104; 0.438714; -0.0571192; 0.215688; -0.0131253; 0.0541037; 0.0291432; 0.40081; 0.291735; 0.203747; -0.16803; -0.210073; -0.233634; -0.0819168; 0.427426; 0.48887; 1; 0.0859717; -0.0682087; -0.0626306; 0.216177; 0.122003; 
SRR; 0.201014; 0.189231; 0.407367; 0.101136; -0.0519465; 0.0154139; 0.510704; -0.137877; -0.0399125; 0.0372067; 0.416616; -0.0443289; 0.617928; -0.137642; 0.237706; 0.490373; 0.00275583; 0.0827116; -0.0693818; 0.0257818; -0.190697; 0.343979; 0.0149955; 0.0859717; 1; -0.0938494; 0.0454144; -0.200214; 0.462334; 
STS; -0.0435481; -0.0120902; 0.0135011; -0.00899117; 0.0187794; -0.0349982; -0.0169015; -0.021309; -0.0268206; 0.970924; -0.00888255; -0.0284271; -0.0821105; 0.0267991; -0.0226683; -0.0294605; -0.0268318; -0.0335498; -0.0641916; 0.0945909; -0.0442652; -0.0997348; -0.046777; -0.0682087; -0.0938494; 1; -0.0563924; 0.638013; -0.0316655; 
TGDS; -0.0896255; -0.00267434; -0.0345743; -0.134136; 0.0627984; -0.0750236; -0.0148849; -0.0880507; -0.0361306; -0.0674657; -0.0497044; -0.0483509; 0.00670232; -0.0253488; -0.0329537; -0.0462699; -0.0376153; -0.0642506; -0.130721; 0.087617; 0.917993; 0.0177317; -0.0459731; -0.0626306; 0.0454144; -0.0563924; 1; 0.262066; -0.0255449; 
TM9SF2; 0.183065; -0.0723236; 0.099888; -0.131843; -0.0523968; 0.280218; 0.0253539; -0.104104; 0.259306; 0.582843; 0.0239457; -0.00522308; -0.225463; 0.320624; 0.0518816; 0.118511; 0.0325761; -0.141494; -0.154869; 0.144523; 0.278344; 0.0343635; 0.271998; 0.216177; -0.200214; 0.638013; 0.262066; 1; -0.0917454; 
ZNF592; 0.236027; 0.373283; 0.670117; -0.0741317; 0.0282379; -0.0754094; 0.700887; -0.231302; 0.296118; 0.11698; 0.461359; 0.0587872; 0.660735; 0.156362; 0.152732; 0.648973; -0.131031; 0.223638; -0.0994691; 0.0493229; -0.157156; 0.421; 0.350022; 0.122003; 0.462334; -0.0316655; -0.0255449; -0.0917454; 1; 

Number of coefficients: 406 / 406
Positive: 281(69.2%) / 221(54.4%)
Negative: 125(30.7%) / 185(45.5%)
Greater than 0.7: 24(5.9%) / 15(3.6%)

Not found in first sample:
ALAS1
ANK1
ARNTL
ARNTL2
ATF5
CDKN1A
CLOCK
CSNK1D
CSNK1E
CYP3A4
ESRRA
FBXL21
HES6
HNF4A
ID2
INSIG2
KLF10
LDLR
MIR142
MIR219-1
NR1D1
PER2
PER3
PPARA
PPARG
PRL
PROX1
RORA
RORC
SMAD3
WEE1
NFIL3
NONO
WDR5
SIRT1

Bar graph:
-1;-0.9;-0.8;-0.7;-0.6;-0.5;-0.4;-0.3;-0.2;-0.1;0;0.1;0.2;0.3;0.4;0.5;0.6;0.7;0.8;0.9;1;
0;0;0;0;0;0;0;10;23;92;0;75;44;41;38;29;18;12;9;6;9;
0;0;0;0;0;0;0;14;28;143;0;75;41;25;19;27;8;11;6;2;7;

Location on chromosomes:
chr1;chr10;chr11;chr12;chr13;chr14;chr15;chr16;chr17;chr17_ctg5_hap1;chr18;chr19;chr19_gl000209_random;chr2;chr20;chr21;chr22;chr3;chr4;chr5;chr6;chr6_apd_hap1;chr6_cox_hap2;chr6_dbb_hap3;chr6_mann_hap4;chr6_mcf_hap5;chr6_qbl_hap6;chr6_ssto_hap7;chr7;chr8;chr9;chrX;chrY;
1;0;3;3;0;1;1;0;2;0;0;3;0;1;2;0;1;2;2;0;1;0;0;0;0;0;0;0;2;2;2;0;0;
2;1;2;2;2;0;2;1;3;0;0;0;0;2;0;0;0;1;1;1;2;0;0;0;1;0;0;0;1;1;2;2;0;
